samp.cor<-c(3.933520e-13,5.110024e-12,5.609513e-12,8.638839e-02
,6.471949e-01,9.796901e-01,1.221497e-02,NaN
,9.999999e-01,1.000000e+00,1.311602e-04,1.333733e-01
,1.402618e-03,NaN,0.000000e+00,6.817936e-05
,0.000000e+00,1.340364e-07,6.572950e-08,2.069386e-02
,3.664211e-08,9.983848e-01,5.655509e-07,1.504173e-05
,2.314812e-03,1.055714e-06,1.404376e-03,1.498153e-02
,2.141678e-02,6.929084e-07,5.426325e-03,9.517748e-05
,1.802291e-01,3.922612e-02,6.749079e-07,3.688666e-09
,6.289676e-03,1.514978e-01,8.032340e-01,1.335451e-01
,5.376899e-05,2.657976e-06,3.008263e-05,2.726136e-02
,5.589298e-09,1.399854e-04,2.802724e-07,2.586655e-03
,1.045078e-07,5.551115e-16,1.287859e-14,3.313457e-06
,5.704722e-01,1.600508e-07,6.948553e-12,1.248322e-05
,1.144785e-02,1.332268e-14,2.829633e-08,1.304540e-03
,1.676437e-14,4.374450e-08,1.323366e-06,3.960727e-05
,1.987908e-05,3.000232e-03,4.841919e-01,1.411711e-03
,3.126704e-05,3.609114e-08,1.846881e-04,5.726934e-01
,2.522501e-02,9.014585e-02,7.657082e-04,3.753016e-03
,1.356733e-03,8.049593e-06,2.893282e-02,5.981429e-07
,2.396416e-03,3.660782e-04,5.190330e-05,1.527684e-04
,3.545935e-05,5.874605e-09,2.717797e-09,5.364231e-11
,8.997354e-10,1.426270e-03,7.923569e-06,1.165734e-14
,6.928791e-11,1.149888e-03,1.501106e-07,2.536023e-06
,2.310442e-05,0.000000e+00,3.408251e-03,3.932445e-02
,4.011213e-03,7.421027e-02,7.021155e-04,1.039576e-02
,2.522912e-04,1.272289e-01,2.479564e-03,2.037035e-04
,1.474065e-03,1.391741e-09,5.734834e-03,3.707035e-13
,7.349620e-03,3.879008e-12,2.133849e-13,1.486256e-12
,1.176836e-14,6.090684e-13,9.370282e-13,8.236878e-11
,1.944001e-13,2.514289e-11,2.479239e-12,9.603081e-09
,3.030374e-01,2.768506e-01,9.903268e-01,1.513713e-05
,2.962576e-01,2.982007e-06,2.124995e-05,5.969293e-05
,5.443181e-09,1.097604e-06,1.408058e-05,1.119141e-09
,2.251637e-06,3.861074e-04,5.189894e-01,1.703363e-04
,3.902449e-04,4.924422e-05,1.088089e-05,2.634050e-05
,3.804937e-04,2.055023e-07,2.349513e-05,6.488750e-06
,2.518247e-06,1.222567e-04,1.707923e-11,8.665241e-05
,2.220446e-16,1.945055e-11,3.732181e-10,1.391500e-07
,3.028688e-13,9.639195e-04,1.000000e+00,8.989658e-08
,7.162722e-01,4.640570e-01,1.123680e-07,1.302369e-07
,5.242216e-01,1.873448e-01,8.746143e-01,2.213125e-01
,1.486743e-03,1.069340e-03,1.571856e-08,3.707645e-01
,6.392958e-05,2.953323e-01,2.221911e-06,9.321566e-02
,1.793721e-11,0.000000e+00,3.554735e-01,1.486379e-01
,4.013810e-02,1.153604e-02,9.999791e-01,1.114699e-03
,1.000000e+00,9.999589e-01,9.243690e-01,8.117815e-01
,7.791633e-01,9.445561e-01,8.298290e-01,4.182735e-03
,4.143777e-04,1.718421e-01,5.438030e-01,0.000000e+00
,0.000000e+00,0.000000e+00,0.000000e+00,0.000000e+00
,5.494145e-02,2.601460e-05,7.798366e-01,1.506206e-01
,5.773864e-01,1.719082e-08,9.416293e-01,0.000000e+00
,6.028500e-09,0.000000e+00,0.000000e+00,7.641340e-03
,0.000000e+00,1.008076e-07,4.497476e-02,4.281264e-01
,9.531311e-02,1.968767e-02,6.933796e-04,1.894690e-03
,5.513368e-13,4.115411e-07,2.641727e-07,1.488741e-05
,5.484991e-04,2.941474e-07,2.029668e-06,7.855521e-01
,1.662536e-04,1.085226e-03,7.061469e-05,6.609772e-01
,1.162397e-03,5.778541e-07,5.076470e-04,2.814668e-01
,6.718126e-05,3.476774e-07,6.462991e-07,4.091953e-10
,2.694935e-10,1.000000e+00,1.000000e+00,1.000000e+00
,9.999937e-01,5.873974e-05,8.290224e-05,9.987647e-01
,3.056887e-02,5.887980e-01,7.629066e-01,2.294022e-03
,3.688771e-05,1.552691e-11,2.571315e-08,9.966409e-01
,2.347590e-01,6.103543e-04,8.008913e-04,1.368046e-08
,9.999819e-01,1.727569e-04,8.272057e-10,2.110505e-03
,0.000000e+00,3.885781e-14,1.854594e-03,0.000000e+00
,2.211994e-08,8.489193e-03,0.000000e+00,0.000000e+00
,1.454960e-03,7.464076e-04,3.041801e-03,6.265654e-06
,4.937608e-06,3.207251e-05,8.058171e-06,5.449181e-01
,9.995573e-01,5.387332e-01,1.179035e-10,3.709473e-09
,2.983926e-02,2.878686e-06,3.039606e-07,2.745842e-07
,1.000000e+00,1.000000e+00,1.000000e+00,1.721659e-07
,0.000000e+00,0.000000e+00,1.000000e+00,1.931788e-14
,0.000000e+00,2.983740e-03,1.000000e+00,8.149879e-01
,1.021777e-02,1.000000e+00,7.587956e-01,6.316003e-05
,1.000000e+00,9.012686e-06,3.090831e-03,1.000000e+00
,6.133678e-06,6.745227e-06,5.071801e-09,1.242350e-03
,8.656240e-01,2.110353e-01,1.523412e-08,7.218260e-01
,6.205640e-04,2.077345e-07,1.332268e-15,5.428363e-06
,3.366816e-05,1.000000e+00,1.000000e+00,1.894577e-06
,2.184755e-06,0.000000e+00)